SDC = 0.05
MIS(1) = 0.265459
MIS(2) = 0.590426
MIS(3) = 0.315375
MIS(4) = 0.640342
MIS(5) = 0.365291
MIS(6) = 0.69024
MIS(7) = 0.415189
MIS(8) = 0.140138
MIS(9) = 0.465105
MIS(10) = 0.190054
MIS(11) = 0.515021
MIS(12) = 0.23997
MIS(13) = 0.564937
MIS(14) = 0.289886
MIS(15) = 0.614853
MIS(16) = 0.339802
MIS(17) = 0.664769
MIS(18) = 0.3897
MIS(19) = 0.114649
MIS(20) = 0.439616
